-7.994378017061219699e-02 -2.873152798531215524e-01 -9.799338993730909164e-02 1.907630867528505025e-01 2.843656103708813165e-01 1.525377064825195750e-01 -3.789293360606962868e-02 7.697042105121405797e-02 -3.543762613934539618e-01 1.261108827087182305e-01
1.701108572713620412e-02 6.190197492765669302e-02 1.125407343454096626e-01 -1.443997038123574217e-01 -1.333946767030799729e-01 -4.735980016165321910e-02 7.455904694260094556e-02 -1.529235500026965289e-01 5.140949889212673846e-02 -2.349706366091061302e-02
6.213846872670549838e-03 2.972882631516483160e-02 -1.504645233419996423e-03 1.214934115390035180e-02 -8.856589271933647256e-03 4.456148766748189299e-02 -4.098518413513069225e-02 -3.865845499089381326e-02 2.788221610886809643e-02 3.267870031815921228e-02
5.689489609080976285e-02 4.081683228921965945e-02 4.918367671540917196e-02 -1.481297601783570020e-02 -5.433544272943054143e-02 -7.705999353252403206e-02 5.452731737880899682e-02 -5.046059359531875760e-02 1.656868443235772620e-02 -9.291359807763344136e-02
7.565875548488582014e-02 1.546292600765576952e-01 5.776100255751004386e-02 -1.087678415538579635e-01 -3.974421657437576805e-01 -2.186850573541402332e-01 1.554504042341380565e-01 -7.864320454936279958e-02 2.144833234161505064e-01 -3.343571528452117803e-01
-1.426922208869679798e-01 -4.829319763874904969e-02 -2.326794897730997264e-03 1.560142228193218406e-01 2.229809876491140042e-01 1.404639005514375927e-01 4.573637961058808765e-02 5.718517144158916793e-02 -6.425358733188896165e-02 9.151249441352998781e-02
-2.460630805169052027e-01 -1.330925534156287768e-02 -1.298768465299533492e-01 1.418210456897527338e-01 4.636066058171460502e-02 1.134969662065381524e-01 -2.188236619915679901e-02 4.221284953316266075e-01 -7.397445699429894272e-02 -2.363999387714075737e-02
1.318601515112703682e-01 1.539226272195620415e-01 7.590613912353670611e-02 -5.192390933549451831e-02 -5.507470585012515935e-02 -1.888941590962277539e-01 7.080130526383229816e-02 -1.694045275722124710e-01 1.006285284968075761e-01 -7.255283326132705435e-02
-6.320382456212968181e-02 -7.494935639319564302e-01 -5.523304607047135883e-01 4.169350540430287744e-01 2.715297708196928728e-01 5.214300725869870368e-01 -4.544998308045286595e-01 3.132450333188819824e-01 -8.265680756923117212e-01 2.227608907165408436e-01
1.299025291322467024e-01 -3.412120354769176966e-02 -3.055747704562389311e-02 3.994345082227188787e-02 1.325999490942636645e-02 2.138239339746480713e-02 -4.648243863584761854e-02 4.418520232909258286e-03 -8.773234097524046371e-02 7.150670507145670540e-02
-4.884613341982812357e-02 1.424388748523191563e-02 7.877871173962651408e-02 -6.235729253252585147e-02 -2.286199721056953946e-02 4.629543728146576914e-02 1.178299516011277644e-02 -3.174406499511317481e-02 7.266701112842216537e-02 -5.849133121748346931e-02
3.567968861746595444e-01 2.271803994769566182e-01 1.181806066792332431e-02 -1.405222031508617520e-01 -8.382980487993321739e-02 -1.454613766432243382e-01 9.918061780959540677e-03 -2.935866762389600093e-01 1.862428075429955199e-01 -5.072642459959116057e-02
2.182649049401958960e-02 4.031820586653887123e-03 -3.157534456941800405e-02 1.048892296747806208e-01 3.489173726337609777e-02 5.838736067789004197e-02 -1.247013804773600965e-01 7.284183841609849497e-02 -4.700378355541957702e-03 -9.012371868364271038e-03
7.713389183762837942e-02 -3.387100515398848433e-02 -1.596861799906296869e-02 6.627630240531875994e-02 9.403095268967534212e-03 3.484785315114315163e-02 -1.236008462104525030e-02 7.162420602929096825e-02 -1.081103905925619169e-01 -4.743091526466535618e-02
1.411038237153581371e-02 -3.861826146482078004e-02 4.325664604252717899e-02 3.037522214948986873e-02 6.099932183375558065e-02 6.069081231808139826e-02 7.748844488280569320e-02 1.142980030215512942e-02 -3.501065087010461069e-02 2.733323579704749137e-02
-3.925775808452804973e-03 2.451039082398497656e-03 -5.129184000049489406e-02 2.466424607081005999e-02 -4.353210615268045952e-02 8.833513021742317450e-02 7.688635824483337766e-02 -4.171004807664681346e-02 8.791415996281462530e-02 -7.414836061386281818e-02
-7.710838894455693260e-02 2.134312440965809021e-01 1.163948700156511445e-01 -1.038493357555556607e-01 -1.774311631426970515e-01 -1.062331712090717056e-01 5.879156653600633997e-02 -1.560742540267563427e-01 2.735312657638564460e-01 -6.723509303460745157e-02
-3.153100116388898866e-01 -5.609655348112801455e-03 -1.991298966472274459e-02 3.959948434711101778e-02 -1.985279371060596348e-02 -3.473435089357824329e-02 9.925441876873720981e-02 1.744876614907774348e-01 -5.874057917277807073e-02 -3.638566912152466082e-02
1.951374946827525922e-02 2.243131058135173009e-02 1.507775632485952588e-02 5.590572766087746615e-02 6.770650957323681718e-02 5.789256188275004877e-02 -2.415711698411889680e-02 9.071693122761713413e-02 -1.353901714153702904e-02 9.250099888864783682e-02
1.223978451877692081e-02 -2.412226885045010705e-01 -2.083129519222227666e-01 3.372034709641729688e-01 3.617817175942261709e-01 4.363355555659963469e-01 -4.350635860444770353e-01 2.508698594533387838e-01 -2.613210593566873130e-01 3.154616647282905140e-01
