-1.710166637322403926e-01 1.866730407923617441e-01 1.532882007368861488e-01 -2.431242770190414695e-02 -9.267038977443235737e-02
-3.623136564705667362e-01 3.557345118719760779e-01 4.773934814443221986e-01 -3.803741619897499926e-01 -2.346148520131520199e-01
-2.124883171875047161e-01 1.982297111906544396e-01 3.637057897964549591e-01 -3.398786998868453813e-01 -1.942216928036816226e-01
2.779676216111026110e-01 -2.310677553185349620e-01 -2.376891062135984278e-01 3.017618365287483839e-01 1.648560214979960803e-01
3.715977526740736336e-01 -1.244507134789345909e-01 -1.707316933301517292e-01 1.782513397810961131e-01 1.825141963254263977e-01
3.715629618975240245e-01 -3.496533145239973384e-01 -3.563071861340881274e-01 2.982257162117271654e-01 2.442519843766459420e-01
-3.438569893004650990e-01 3.335111118189440504e-01 2.189594511219578044e-01 -3.873329883201315216e-01 -2.112138942104777595e-01
2.475093071036703896e-01 -2.538372591019251168e-01 -1.953902428259416957e-01 3.215929099293842186e-01 1.776466582530243921e-01
-4.301080020946256299e-01 4.502517327594832142e-01 5.475211785799712905e-01 -3.404537896236691230e-01 -3.244837535872908130e-01
2.992108589529001161e-01 -1.464392248322757828e-01 -1.096047145539598977e-01 1.520369763516974948e-01 1.110460017874629751e-01
