-1.243279798097438223e-02 -5.756767354325077746e-02 7.649757641521461038e-03 5.554154424558047781e-02 3.245135994001318441e-02 9.072886070078051493e-03 4.752728614446764116e-02 -1.987632229116584326e-02 -1.732592706448742373e-02 1.208961141359500731e-02
-3.518709665570320284e-03 -1.181686880523081379e-01 4.671923895459751536e-02 -1.456885547625453581e-01 -9.405421943828670694e-02 3.023526349153612177e-03 1.104797184421708010e-02 -3.553952911878206777e-02 1.849135787002237352e-02 1.221658713936826270e-02
1.665597935550743036e-01 -1.066797970326934519e-01 2.028851328323345860e-01 -1.354929830062778229e-01 1.947916483740787796e-01 -2.107985452424744263e-02 -1.794697234597906754e-01 -9.224419101800024334e-02 2.271667133032831409e-01 3.660224525189300637e-01
5.956048606001126261e-02 -2.189592650732512941e-02 3.665972857817387937e-02 -5.789063192647141837e-02 -9.670031155885717988e-02 -7.566173758065937449e-02 -2.955841038856596784e-02 -7.377545171185542414e-03 5.937431865587456531e-02 -9.495212196350148737e-02
-5.378140249339254803e-02 -1.567898398165834192e-02 2.280124852523828568e-03 1.242267122893587344e-01 -2.541554835781149532e-02 -6.961969336272522124e-02 1.364063550071623887e-01 -1.764152902380802801e-02 -1.271884448604516660e-01 -1.490839257360819514e-02
1.727397038805017840e-02 -5.005707933563680045e-02 5.815479340747388426e-02 -4.147694419820634193e-02 4.842283766571471582e-02 -5.010716833781982821e-03 -1.824827462505673389e-02 -1.000469530941593826e-02 1.531068380244389113e-02 7.881538004108558371e-02
3.956253026314691251e-02 -2.354371243634508989e-02 1.861321070928935451e-02 -5.829669506069502100e-02 7.365615068445792446e-02 4.359748228234808926e-02 1.310697924883612482e-02 1.273402474280243765e-02 1.976540486922524764e-02 4.871613320254575275e-02
-1.208504131415602577e-03 -3.662224136535573854e-02 2.564296561571066321e-02 -2.746046424006665099e-02 3.074243654777455634e-02 -1.385514554497335390e-02 -1.791356932519731424e-02 -1.644883208547972056e-02 -2.268936986938695222e-02 6.922294888419595763e-04
2.947115654561986431e-01 -3.000624807587918275e-01 1.722568994856602254e-01 -2.441931597675648935e-01 1.485097445984980835e-01 -1.628077262418300419e-01 -2.584791779439144510e-01 -2.122307212048344660e-01 1.099127199748300143e-01 1.874426218663537147e-01
-4.977684522616584312e-02 7.847542328482363938e-02 -1.572620848628109858e-01 1.505822832629166996e-01 -3.260102465045863762e-01 -3.782465292586074945e-02 1.720934651030365248e-01 -3.135850318542947324e-02 -2.849835659908567242e-01 -1.408979601269228221e-01
1.830830029396888770e-01 -1.460227446142965957e-01 2.956516234702206702e-01 -2.116669610098519949e-01 3.190898583690500723e-01 3.604307999672935314e-03 -1.315634921808793989e-01 -9.033799474069298396e-02 2.700527958765493453e-01 1.979454233509196082e-01
1.352123342108476622e-01 3.783985764552255660e-02 -4.980416624406266285e-02 -7.598287161023419001e-02 1.548440079195015709e-02 9.794730057867632317e-04 -6.096631233782990288e-03 3.014158176182895818e-02 1.120343851203078889e-01 -1.485836625447840322e-02
6.795544862872630876e-02 -1.438457418445664333e-02 2.160994820128883318e-02 3.133995666304681665e-03 2.959699590902553287e-02 5.754453958970646987e-02 -4.778227836949709706e-02 4.890533499918281457e-02 2.852644998206463681e-02 1.871654078738886964e-02
6.167058295862691553e-02 -6.578849970366411337e-02 -2.265893366133655065e-02 -5.352834356934153132e-02 2.216704526678507647e-02 -4.687232549769661596e-03 -2.271761332959216020e-02 2.366988530442729055e-02 -8.272111853884811516e-02 -7.160603855311296895e-02
-2.322671172791265781e-01 1.459797776887047926e-01 -1.000991455257850826e-01 3.366494536080293920e-01 -1.145571902772549860e-01 4.920640744652490101e-02 2.659584196213656826e-01 3.608349822616067210e-02 -2.924609833976539730e-01 -1.779182195938295852e-01
-4.612579636747422551e-01 5.155688919098772027e-01 -4.592995837782015700e-01 6.239656521887733120e-01 -4.421612725776980501e-01 4.503764570042442239e-01 5.719467663447007633e-01 4.216468433120967307e-01 -2.741892950110518257e-01 -5.110955331808818558e-01
-8.330645195440826434e-02 -3.284093015158774664e-02 2.518586879887913521e-01 7.850896898542932337e-03 2.844740918284106024e-01 4.747431350945292838e-02 4.055087009730811570e-02 2.442796225782200778e-02 5.707851810790299379e-02 2.323507424213336336e-01
3.572096132569895638e-02 -5.728057473595045412e-02 5.042459297854685191e-02 -1.268695933012297661e-01 1.879718100010444037e-02 -1.897628882331857739e-02 -1.269214505607374650e-02 -1.045555944535832109e-02 -8.376582631320660111e-02 4.586659842579255547e-02
-1.481408147120044094e-01 1.771975118429023333e-01 -1.213716456786049225e-01 3.411429136680053098e-01 -1.183570551499543988e-01 1.200642113228645030e-01 2.314946398519022175e-01 1.472737585948390993e-01 -2.532901882812920585e-02 -5.932058585112210541e-02
-2.740938880828832636e-01 8.942892047589520721e-02 -4.074373889751824185e-02 1.334499630089107935e-01 -7.815569976436687050e-02 -3.876259459443841867e-03 1.345137212571641816e-01 -3.706690344088576367e-02 -2.911527153708993731e-01 -5.852383408886482202e-02
