2.433642309253548908e-01 3.175704639736438017e-01 2.551051904476561161e-01 3.127620472959066755e-01 -3.013627560080865964e-01
-2.775748498678075049e-01 -3.709966869126612443e-01 -2.234496948376011871e-01 -3.437619396585549492e-01 2.890509561696995022e-01
3.973648325469939513e-01 2.576070724199202022e-01 2.530910836099212191e-01 2.020869890124767088e-01 -2.184958901407115794e-01
-2.714402295524600550e-01 -3.652331453548212647e-01 -3.781659555606236012e-01 -3.341314111655211416e-01 2.211063347750937269e-01
4.407312674686211240e-01 2.193997539832043542e-01 2.763684654919680295e-01 2.285153249319024082e-01 -1.694032443763903995e-01
-1.225465393407783182e-01 -2.208795793911140226e-01 -2.396980498768339352e-01 -2.258076244471449723e-01 2.173487627587832316e-01
-2.716138553561021074e-01 -3.548128763751801085e-01 -3.073897638076557026e-01 -3.650006882611305237e-01 2.752741046524094237e-01
-1.792926679044523908e-01 -2.804821705628715023e-01 -2.645172688309035958e-01 -1.680526708516400791e-01 2.108141353172049148e-01
2.384344899204371704e-01 1.457483481642546375e-01 1.912810020428117874e-01 1.693466273376899867e-01 -1.296765005144987770e-01
4.104845526238887765e-01 2.065487274746178048e-01 3.221950186884477985e-01 2.913458050827534840e-01 -2.745860486006557744e-01
