8.226565510700485362e-01 -7.859544125357852407e-01 4.271931653247394989e-01 -4.085622588043103520e-01 7.285285171671768145e-01 1.134428059789646392e-01 -5.451892452214913698e-01 -3.075934728946690400e-01 3.703047190155628887e-01 6.421946993765061951e-01
-6.214926635035177699e-02 -3.151692538870442400e-02 -2.179775222504391763e-02 4.491701381670961529e-02 -9.140153977562121002e-02 3.575984652439461592e-02 9.803688871132680560e-02 2.970819298743604397e-02 -1.794036916039312354e-02 1.466584974398015776e-03
2.263229163837526259e-01 -1.500365604369402472e-01 1.167509617416264550e-01 -1.248826986640897141e-01 2.706161569905951580e-01 9.084959754981275504e-02 -1.862328813538480510e-01 -1.627495859986952467e-02 1.172831180460792988e-01 3.252704314320495338e-01
-1.742416962775336919e-01 1.899063298876416950e-01 -7.754646397132687607e-02 1.116001808581430638e-01 -1.985486114138162173e-01 -1.051184639882587618e-01 2.940019456595889813e-01 -1.962786889080238295e-02 -1.088929001947926412e-01 -3.529336454037534376e-01
4.539297201679962784e-02 -2.599379527231359885e-02 4.630691012185826627e-02 3.618534394807287891e-02 2.453313633189186174e-02 -5.002151369517356116e-02 4.239994531883599371e-02 3.792943602739023631e-03 2.033920025756223715e-02 4.035676798441173614e-03
-9.541514025946147559e-02 3.757642839030283372e-02 -2.778166261036434104e-02 8.911988679297901117e-02 -4.784526867520103727e-02 -1.508632917738273772e-02 5.094379873532805386e-02 1.508043465324201970e-02 -3.976098492502255083e-02 -1.038816007205376792e-02
-5.192874695977924004e-02 4.022143277652958510e-02 -6.190730411783083864e-02 6.996202947817514728e-02 -2.070097389196431936e-02 2.080233630290616656e-02 6.210631131917056236e-02 2.627356943115301269e-02 -3.182454418992695239e-02 -3.675992582859838320e-02
3.751073903966035267e-02 -2.734609911018355197e-02 7.142117175984313837e-02 -5.437666779472620504e-02 6.754467174108860772e-02 1.757533946129117425e-02 -2.557000593199367997e-02 -2.591867342596317287e-04 1.026798915725716556e-02 -1.022979811053317291e-02
1.641092819187273816e-02 -7.505174082424173609e-02 -1.020132799394741357e-01 1.112700049010563463e-01 -4.965763225860921753e-02 3.483501525605156579e-02 5.274435471216704086e-02 9.921773700350631706e-03 -7.470953524434484350e-02 -9.094044821356072478e-03
2.860192862110611314e-02 4.175275768076035232e-02 1.213102329099057311e-02 -3.199166474859716641e-02 -1.078877030135155651e-01 -3.135707780673768069e-02 4.890421245066322448e-02 -3.791129815692854260e-02 -6.923514288578207221e-02 -1.127971844522555889e-02
6.179605314199254629e-02 -4.359415549637574161e-02 1.320560544362992805e-01 -1.062006730638588164e-01 6.885595844440674240e-02 8.667137116199354063e-02 -2.820926034463150031e-02 -3.763091469970198701e-03 6.592722363593851720e-02 1.147898567586750317e-02
2.917829743920220542e-01 -1.010440380676491667e-01 3.994569837187440103e-02 -2.384011099817393287e-01 1.905697878468118334e-01 3.382905290660421366e-02 -2.401932461771394064e-02 -9.106708880847873624e-03 4.394416328862137816e-02 4.702652785524296525e-02
-2.823189096020871022e-02 5.269090444146071889e-02 -5.934988331802654865e-02 1.349512516314294308e-01 -6.757687660254958761e-02 3.471855051070839998e-02 7.374352626174530446e-03 6.240550687673415697e-02 -2.812738735946895829e-02 -6.754504492314999942e-02
-8.973679127603743574e-03 4.907625360858725028e-02 -5.472161176979352393e-02 4.242276054249722456e-02 -5.745166941138180744e-02 4.853503153611386962e-03 1.766926445399368550e-01 7.614580710873217195e-02 -1.806593573288126087e-01 -1.287649795241854189e-01
1.652452923090456938e-02 -2.787810781927193768e-02 1.515789270715081280e-02 4.092622633377651642e-02 5.213146997081022881e-03 2.461016948796109285e-02 4.801045163736023663e-02 -1.416857797489724097e-02 -5.611532529102832532e-03 -4.197171441349368919e-03
-1.858764373081162324e-01 2.092701840162239924e-01 -2.505220220266476394e-01 1.326751900871288303e-01 -1.480735729398490186e-01 2.343881924924449620e-02 2.308162566765970536e-01 3.176274017214814060e-02 -2.171058113673145912e-02 -1.355568323599097291e-01
3.934413562574717166e-02 -1.962191639420750588e-01 1.218053631965514555e-01 -6.570629750551555681e-02 7.764015711176808221e-02 -1.884619200047921292e-03 -9.192641890566949359e-02 -5.530334332887550802e-02 5.610124617865036578e-02 1.073743069473974410e-01
-6.704426364944515715e-02 2.042822154348016353e-02 -4.095714504990272814e-02 7.163025841111966829e-02 -2.449764159641146938e-02 -2.290439799404071775e-02 5.789611847494100655e-02 2.602167280347683978e-02 -1.153564954644135526e-01 -2.791927295586792927e-03
-1.841008224140543992e-01 2.564847352552588333e-01 -4.903077337260267066e-02 1.421967392667320973e-01 -1.267504753557567310e-01 2.830776610131512799e-02 1.347926250790973390e-01 8.394207126188422963e-02 -3.429240181946801441e-02 -2.767460266403757099e-02
-2.811437799607243160e-01 2.647772129172608624e-01 -1.310368510313274504e-01 1.429889173790416801e-01 -1.317706942379232582e-01 -4.038729504250435781e-02 1.474631400056457819e-01 1.011624387174297895e-01 -9.340964732308422447e-02 -1.749463088222026341e-01
