4.685634417480789571e-01 4.909047713943250346e-01 4.784419011211021311e-01 4.765913262495726221e-01 3.628119087420810240e-01
-4.230662365185253182e-01 -5.375397674591857466e-01 -3.513147702183321286e-01 -4.690773220287452472e-01 -3.534707175181555083e-01
2.144041843690415450e-01 2.052484911773004017e-01 2.316291923223723070e-01 1.340024986383865357e-01 2.597638209848014412e-01
-1.637809894257653831e-01 -1.697996282739190066e-01 -2.418608315767291350e-01 -1.747061780363162453e-01 -2.593162119263924814e-01
3.962191438282472999e-01 3.517056193720061730e-01 3.807788990739005563e-01 3.393789074964816965e-01 3.963728806641187430e-01
8.974421110372055033e-02 -1.412265592875443926e-02 4.034540297925560265e-02 2.284448436692560619e-02 1.280983447296839550e-01
-2.500598595179077677e-01 -2.677248906569909548e-01 -2.365507892702463921e-01 -3.654976288948764696e-01 -2.840329813777331958e-01
-9.796516795306163539e-02 -1.970065952638503648e-01 -1.582337802335681276e-01 -1.355568926272724684e-01 -1.353139787736392652e-01
1.492256318312950303e-01 1.693815566981864418e-01 1.922387749610498520e-01 1.915792728519724597e-01 1.730366531954162790e-01
3.985096812044928716e-01 2.842019577575519151e-01 3.311784550700200280e-01 3.452060269950606997e-01 3.506826381461355946e-01
